(kicad_pcb (version 20171130) (host pcbnew "(5.1.0)-1")

  (general
    (thickness 1.6)
    (drawings 41)
    (tracks 487)
    (zones 0)
    (modules 34)
    (nets 52)
  )

  (page A4)
  (title_block
    (title "STM32F070 Breakout")
    (date 2019-06-06)
    (rev v01)
    (comment 2 creativecommons.org/licenses/by/4.0)
    (comment 3 "License: CC BY 4.0")
    (comment 4 "Author: Shawn Hymel")
  )

  (layers
    (0 F.Cu signal)
    (31 B.Cu signal)
    (32 B.Adhes user)
    (33 F.Adhes user)
    (34 B.Paste user)
    (35 F.Paste user)
    (36 B.SilkS user)
    (37 F.SilkS user)
    (38 B.Mask user)
    (39 F.Mask user)
    (40 Dwgs.User user)
    (41 Cmts.User user)
    (42 Eco1.User user)
    (43 Eco2.User user)
    (44 Edge.Cuts user)
    (45 Margin user)
    (46 B.CrtYd user)
    (47 F.CrtYd user)
    (48 B.Fab user hide)
    (49 F.Fab user hide)
  )

  (setup
    (last_trace_width 0.2032)
    (user_trace_width 0.2032)
    (trace_clearance 0.2032)
    (zone_clearance 0.2032)
    (zone_45_only no)
    (trace_min 0.1524)
    (via_size 0.5588)
    (via_drill 0.254)
    (via_min_size 0.0508)
    (via_min_drill 0.0254)
    (uvia_size 0.508)
    (uvia_drill 0.254)
    (uvias_allowed no)
    (uvia_min_size 0)
    (uvia_min_drill 0)
    (edge_width 0.05)
    (segment_width 0.2)
    (pcb_text_width 0.3)
    (pcb_text_size 1.5 1.5)
    (mod_edge_width 0.12)
    (mod_text_size 1 1)
    (mod_text_width 0.15)
    (pad_size 1 1.55)
    (pad_drill 0.5)
    (pad_to_mask_clearance 0.051)
    (solder_mask_min_width 0.25)
    (aux_axis_origin 0 0)
    (visible_elements 7FFFFFFF)
    (pcbplotparams
      (layerselection 0x010fc_ffffffff)
      (usegerberextensions false)
      (usegerberattributes false)
      (usegerberadvancedattributes false)
      (creategerberjobfile false)
      (excludeedgelayer true)
      (linewidth 0.100000)
      (plotframeref false)
      (viasonmask false)
      (mode 1)
      (useauxorigin false)
      (hpglpennumber 1)
      (hpglpenspeed 20)
      (hpglpendiameter 15.000000)
      (psnegative false)
      (psa4output false)
      (plotreference true)
      (plotvalue true)
      (plotinvisibletext false)
      (padsonsilk false)
      (subtractmaskfromsilk false)
      (outputformat 1)
      (mirror false)
      (drillshape 1)
      (scaleselection 1)
      (outputdirectory ""))
  )

  (net 0 "")
  (net 1 GND)
  (net 2 "Net-(C1-Pad1)")
  (net 3 "Net-(C2-Pad1)")
  (net 4 AREF)
  (net 5 GNDA)
  (net 6 VIN)
  (net 7 +3V3)
  (net 8 RESET)
  (net 9 "Net-(C11-Pad2)")
  (net 10 "Net-(C12-Pad2)")
  (net 11 "Net-(D1-Pad2)")
  (net 12 "Net-(D2-Pad1)")
  (net 13 "Net-(D2-Pad2)")
  (net 14 "Net-(F1-Pad2)")
  (net 15 "Net-(FB1-Pad2)")
  (net 16 "Net-(J1-Pad4)")
  (net 17 A0)
  (net 18 A1)
  (net 19 A2)
  (net 20 A3)
  (net 21 A4)
  (net 22 A5)
  (net 23 A6)
  (net 24 A7)
  (net 25 A8)
  (net 26 A9)
  (net 27 D0)
  (net 28 D1)
  (net 29 D2)
  (net 30 D3)
  (net 31 D4)
  (net 32 D5)
  (net 33 D6)
  (net 34 D7)
  (net 35 D10)
  (net 36 D11)
  (net 37 D13)
  (net 38 D14)
  (net 39 D15)
  (net 40 D16)
  (net 41 SWCLK)
  (net 42 SWDIO)
  (net 43 BOOT0)
  (net 44 D17)
  (net 45 "Net-(U1-Pad4)")
  (net 46 "Net-(U2-Pad20)")
  (net 47 "Net-(U2-Pad21)")
  (net 48 "Net-(U2-Pad22)")
  (net 49 "Net-(U2-Pad29)")
  (net 50 USB_D+)
  (net 51 USB_D-)

  (net_class Default "This is the default net class."
    (clearance 0.2032)
    (trace_width 0.2032)
    (via_dia 0.5588)
    (via_drill 0.254)
    (uvia_dia 0.508)
    (uvia_drill 0.254)
    (diff_pair_width 0.381)
    (diff_pair_gap 0.1524)
    (add_net A0)
    (add_net A1)
    (add_net A2)
    (add_net A3)
    (add_net A4)
    (add_net A5)
    (add_net A6)
    (add_net A7)
    (add_net A8)
    (add_net A9)
    (add_net AREF)
    (add_net BOOT0)
    (add_net D0)
    (add_net D1)
    (add_net D10)
    (add_net D11)
    (add_net D13)
    (add_net D14)
    (add_net D15)
    (add_net D16)
    (add_net D17)
    (add_net D2)
    (add_net D3)
    (add_net D4)
    (add_net D5)
    (add_net D6)
    (add_net D7)
    (add_net GNDA)
    (add_net "Net-(C1-Pad1)")
    (add_net "Net-(C11-Pad2)")
    (add_net "Net-(C12-Pad2)")
    (add_net "Net-(C2-Pad1)")
    (add_net "Net-(D1-Pad2)")
    (add_net "Net-(D2-Pad1)")
    (add_net "Net-(D2-Pad2)")
    (add_net "Net-(FB1-Pad2)")
    (add_net "Net-(J1-Pad4)")
    (add_net "Net-(U1-Pad4)")
    (add_net "Net-(U2-Pad20)")
    (add_net "Net-(U2-Pad21)")
    (add_net "Net-(U2-Pad22)")
    (add_net "Net-(U2-Pad29)")
    (add_net RESET)
    (add_net SWCLK)
    (add_net SWDIO)
  )

  (net_class Power ""
    (clearance 0.2032)
    (trace_width 0.3048)
    (via_dia 0.5588)
    (via_drill 0.254)
    (uvia_dia 0.508)
    (uvia_drill 0.254)
    (diff_pair_width 0.381)
    (diff_pair_gap 0.1524)
    (add_net +3V3)
    (add_net GND)
    (add_net "Net-(F1-Pad2)")
    (add_net VIN)
  )

  (net_class USB ""
    (clearance 0.1524)
    (trace_width 0.508)
    (via_dia 0.5588)
    (via_drill 0.254)
    (uvia_dia 0.508)
    (uvia_drill 0.254)
    (diff_pair_width 0.381)
    (diff_pair_gap 0.1524)
    (add_net USB_D+)
    (add_net USB_D-)
  )

  (module STM32F070_Breakout:PinHeader_1x05_P2.54mm_Vertical_NoSilk (layer F.Cu) (tedit 5CF9838E) (tstamp 5CF974B8)
    (at 130.81 115.57 90)
    (descr "Through hole straight pin header, 1x05, 2.54mm pitch, single row")
    (tags "Through hole pin header THT 1x05 2.54mm single row")
    (path /5CF16C78)
    (fp_text reference J4 (at -3.429 2.3876 90) (layer F.SilkS)
      (effects (font (size 0.7112 0.7112) (thickness 0.127)))
    )
    (fp_text value Conn_01x05 (at 0 12.49 90) (layer F.Fab)
      (effects (font (size 1 1) (thickness 0.15)))
    )
    (fp_text user %R (at 0 5.08 180) (layer F.Fab)
      (effects (font (size 1 1) (thickness 0.15)))
    )
    (fp_line (start 1.8 -1.8) (end -1.8 -1.8) (layer F.CrtYd) (width 0.05))
    (fp_line (start 1.8 11.95) (end 1.8 -1.8) (layer F.CrtYd) (width 0.05))
    (fp_line (start -1.8 11.95) (end 1.8 11.95) (layer F.CrtYd) (width 0.05))
    (fp_line (start -1.8 -1.8) (end -1.8 11.95) (layer F.CrtYd) (width 0.05))
    (fp_line (start -1.27 -0.635) (end -0.635 -1.27) (layer F.Fab) (width 0.1))
    (fp_line (start -1.27 11.43) (end -1.27 -0.635) (layer F.Fab) (width 0.1))
    (fp_line (start 1.27 11.43) (end -1.27 11.43) (layer F.Fab) (width 0.1))
    (fp_line (start 1.27 -1.27) (end 1.27 11.43) (layer F.Fab) (width 0.1))
    (fp_line (start -0.635 -1.27) (end 1.27 -1.27) (layer F.Fab) (width 0.1))
    (pad 5 thru_hole oval (at 0 10.16 90) (size 1.7 1.7) (drill 1) (layers *.Cu *.Mask)
      (net 8 RESET))
    (pad 4 thru_hole oval (at 0 7.62 90) (size 1.7 1.7) (drill 1) (layers *.Cu *.Mask)
      (net 42 SWDIO))
    (pad 3 thru_hole oval (at 0 5.08 90) (size 1.7 1.7) (drill 1) (layers *.Cu *.Mask)
      (net 1 GND))
    (pad 2 thru_hole oval (at 0 2.54 90) (size 1.7 1.7) (drill 1) (layers *.Cu *.Mask)
      (net 41 SWCLK))
    (pad 1 thru_hole circle (at 0 0 90) (size 1.7 1.7) (drill 1) (layers *.Cu *.Mask)
      (net 7 +3V3))
    (model ${KISYS3DMOD}/Connector_PinHeader_2.54mm.3dshapes/PinHeader_1x05_P2.54mm_Vertical.wrl
      (at (xyz 0 0 0))
      (scale (xyz 1 1 1))
      (rotate (xyz 0 0 0))
    )
  )

  (module STM32F070_Breakout:PinHeader_1x16_P2.54mm_Vertical_NoSilk (layer F.Cu) (tedit 5CF9833A) (tstamp 5CF9033F)
    (at 143.51 77.47)
    (descr "Through hole straight pin header, 1x16, 2.54mm pitch, single row")
    (tags "Through hole pin header THT 1x16 2.54mm single row")
    (path /5D06E7A9)
    (fp_text reference J3 (at 0 -2.33) (layer F.SilkS)
      (effects (font (size 0.7112 0.7112) (thickness 0.127)))
    )
    (fp_text value Conn_01x16 (at 0 40.43) (layer F.Fab)
      (effects (font (size 1 1) (thickness 0.15)))
    )
    (fp_text user %R (at 0 19.05 90) (layer F.Fab)
      (effects (font (size 1 1) (thickness 0.15)))
    )
    (fp_line (start 1.8 -1.8) (end -1.8 -1.8) (layer F.CrtYd) (width 0.05))
    (fp_line (start 1.8 39.9) (end 1.8 -1.8) (layer F.CrtYd) (width 0.05))
    (fp_line (start -1.8 39.9) (end 1.8 39.9) (layer F.CrtYd) (width 0.05))
    (fp_line (start -1.8 -1.8) (end -1.8 39.9) (layer F.CrtYd) (width 0.05))
    (fp_line (start -1.27 -0.635) (end -0.635 -1.27) (layer F.Fab) (width 0.1))
    (fp_line (start -1.27 39.37) (end -1.27 -0.635) (layer F.Fab) (width 0.1))
    (fp_line (start 1.27 39.37) (end -1.27 39.37) (layer F.Fab) (width 0.1))
    (fp_line (start 1.27 -1.27) (end 1.27 39.37) (layer F.Fab) (width 0.1))
    (fp_line (start -0.635 -1.27) (end 1.27 -1.27) (layer F.Fab) (width 0.1))
    (pad 16 thru_hole oval (at 0 38.1) (size 1.7 1.7) (drill 1) (layers *.Cu *.Mask)
      (net 8 RESET))
    (pad 15 thru_hole oval (at 0 35.56) (size 1.7 1.7) (drill 1) (layers *.Cu *.Mask)
      (net 44 D17))
    (pad 14 thru_hole oval (at 0 33.02) (size 1.7 1.7) (drill 1) (layers *.Cu *.Mask)
      (net 17 A0))
    (pad 13 thru_hole oval (at 0 30.48) (size 1.7 1.7) (drill 1) (layers *.Cu *.Mask)
      (net 18 A1))
    (pad 12 thru_hole oval (at 0 27.94) (size 1.7 1.7) (drill 1) (layers *.Cu *.Mask)
      (net 19 A2))
    (pad 11 thru_hole oval (at 0 25.4) (size 1.7 1.7) (drill 1) (layers *.Cu *.Mask)
      (net 20 A3))
    (pad 10 thru_hole oval (at 0 22.86) (size 1.7 1.7) (drill 1) (layers *.Cu *.Mask)
      (net 21 A4))
    (pad 9 thru_hole oval (at 0 20.32) (size 1.7 1.7) (drill 1) (layers *.Cu *.Mask)
      (net 22 A5))
    (pad 8 thru_hole oval (at 0 17.78) (size 1.7 1.7) (drill 1) (layers *.Cu *.Mask)
      (net 23 A6))
    (pad 7 thru_hole oval (at 0 15.24) (size 1.7 1.7) (drill 1) (layers *.Cu *.Mask)
      (net 24 A7))
    (pad 6 thru_hole oval (at 0 12.7) (size 1.7 1.7) (drill 1) (layers *.Cu *.Mask)
      (net 25 A8))
    (pad 5 thru_hole oval (at 0 10.16) (size 1.7 1.7) (drill 1) (layers *.Cu *.Mask)
      (net 26 A9))
    (pad 4 thru_hole oval (at 0 7.62) (size 1.7 1.7) (drill 1) (layers *.Cu *.Mask)
      (net 4 AREF))
    (pad 3 thru_hole oval (at 0 5.08) (size 1.7 1.7) (drill 1) (layers *.Cu *.Mask)
      (net 7 +3V3))
    (pad 2 thru_hole oval (at 0 2.54) (size 1.7 1.7) (drill 1) (layers *.Cu *.Mask)
      (net 5 GNDA))
    (pad 1 thru_hole circle (at 0 0) (size 1.7 1.7) (drill 1) (layers *.Cu *.Mask)
      (net 6 VIN))
    (model ${KISYS3DMOD}/Connector_PinHeader_2.54mm.3dshapes/PinHeader_1x16_P2.54mm_Vertical.wrl
      (at (xyz 0 0 0))
      (scale (xyz 1 1 1))
      (rotate (xyz 0 0 0))
    )
  )

  (module STM32F070_Breakout:PinHeader_1x16_P2.54mm_Vertical_NoSilk (layer F.Cu) (tedit 5CF9833A) (tstamp 5CF9031B)
    (at 128.27 77.47)
    (descr "Through hole straight pin header, 1x16, 2.54mm pitch, single row")
    (tags "Through hole pin header THT 1x16 2.54mm single row")
    (path /5D06D550)
    (fp_text reference J2 (at 0 -2.33) (layer F.SilkS)
      (effects (font (size 0.7112 0.7112) (thickness 0.127)))
    )
    (fp_text value Conn_01x16 (at 0 40.43) (layer F.Fab)
      (effects (font (size 1 1) (thickness 0.15)))
    )
    (fp_text user %R (at 0 19.05 90) (layer F.Fab)
      (effects (font (size 1 1) (thickness 0.15)))
    )
    (fp_line (start 1.8 -1.8) (end -1.8 -1.8) (layer F.CrtYd) (width 0.05))
    (fp_line (start 1.8 39.9) (end 1.8 -1.8) (layer F.CrtYd) (width 0.05))
    (fp_line (start -1.8 39.9) (end 1.8 39.9) (layer F.CrtYd) (width 0.05))
    (fp_line (start -1.8 -1.8) (end -1.8 39.9) (layer F.CrtYd) (width 0.05))
    (fp_line (start -1.27 -0.635) (end -0.635 -1.27) (layer F.Fab) (width 0.1))
    (fp_line (start -1.27 39.37) (end -1.27 -0.635) (layer F.Fab) (width 0.1))
    (fp_line (start 1.27 39.37) (end -1.27 39.37) (layer F.Fab) (width 0.1))
    (fp_line (start 1.27 -1.27) (end 1.27 39.37) (layer F.Fab) (width 0.1))
    (fp_line (start -0.635 -1.27) (end 1.27 -1.27) (layer F.Fab) (width 0.1))
    (pad 16 thru_hole oval (at 0 38.1) (size 1.7 1.7) (drill 1) (layers *.Cu *.Mask)
      (net 43 BOOT0))
    (pad 15 thru_hole oval (at 0 35.56) (size 1.7 1.7) (drill 1) (layers *.Cu *.Mask)
      (net 40 D16))
    (pad 14 thru_hole oval (at 0 33.02) (size 1.7 1.7) (drill 1) (layers *.Cu *.Mask)
      (net 39 D15))
    (pad 13 thru_hole oval (at 0 30.48) (size 1.7 1.7) (drill 1) (layers *.Cu *.Mask)
      (net 38 D14))
    (pad 12 thru_hole oval (at 0 27.94) (size 1.7 1.7) (drill 1) (layers *.Cu *.Mask)
      (net 37 D13))
    (pad 11 thru_hole oval (at 0 25.4) (size 1.7 1.7) (drill 1) (layers *.Cu *.Mask)
      (net 36 D11))
    (pad 10 thru_hole oval (at 0 22.86) (size 1.7 1.7) (drill 1) (layers *.Cu *.Mask)
      (net 35 D10))
    (pad 9 thru_hole oval (at 0 20.32) (size 1.7 1.7) (drill 1) (layers *.Cu *.Mask)
      (net 34 D7))
    (pad 8 thru_hole oval (at 0 17.78) (size 1.7 1.7) (drill 1) (layers *.Cu *.Mask)
      (net 33 D6))
    (pad 7 thru_hole oval (at 0 15.24) (size 1.7 1.7) (drill 1) (layers *.Cu *.Mask)
      (net 32 D5))
    (pad 6 thru_hole oval (at 0 12.7) (size 1.7 1.7) (drill 1) (layers *.Cu *.Mask)
      (net 31 D4))
    (pad 5 thru_hole oval (at 0 10.16) (size 1.7 1.7) (drill 1) (layers *.Cu *.Mask)
      (net 30 D3))
    (pad 4 thru_hole oval (at 0 7.62) (size 1.7 1.7) (drill 1) (layers *.Cu *.Mask)
      (net 29 D2))
    (pad 3 thru_hole oval (at 0 5.08) (size 1.7 1.7) (drill 1) (layers *.Cu *.Mask)
      (net 28 D1))
    (pad 2 thru_hole oval (at 0 2.54) (size 1.7 1.7) (drill 1) (layers *.Cu *.Mask)
      (net 27 D0))
    (pad 1 thru_hole circle (at 0 0) (size 1.7 1.7) (drill 1) (layers *.Cu *.Mask)
      (net 1 GND))
    (model ${KISYS3DMOD}/Connector_PinHeader_2.54mm.3dshapes/PinHeader_1x16_P2.54mm_Vertical.wrl
      (at (xyz 0 0 0))
      (scale (xyz 1 1 1))
      (rotate (xyz 0 0 0))
    )
  )

  (module STM32F070CBT6:QFP50P900X900X160-48N (layer F.Cu) (tedit 0) (tstamp 5CF8A821)
    (at 135.89 93.726 90)
    (path /5CF0F9EF)
    (attr smd)
    (fp_text reference U2 (at 5.4356 0 180) (layer F.SilkS)
      (effects (font (size 0.7112 0.7112) (thickness 0.127)))
    )
    (fp_text value STM32F070CBT6 (at -0.69872 6.22984 90) (layer F.SilkS) hide
      (effects (font (size 1.00625 1.00625) (thickness 0.05)))
    )
    (fp_circle (center -5.6 -3.2) (end -5.5 -3.2) (layer Eco2.User) (width 0.2))
    (fp_circle (center -5.6 -3.2) (end -5.5 -3.2) (layer F.SilkS) (width 0.2))
    (fp_line (start -3.14 -5.21) (end -3.14 -3.85) (layer Eco1.User) (width 0.05))
    (fp_line (start 3.14 -5.21) (end -3.14 -5.21) (layer Eco1.User) (width 0.05))
    (fp_line (start 3.14 -3.85) (end 3.14 -5.21) (layer Eco1.User) (width 0.05))
    (fp_line (start 3.85 -3.85) (end 3.14 -3.85) (layer Eco1.User) (width 0.05))
    (fp_line (start 3.85 -3.14) (end 3.85 -3.85) (layer Eco1.User) (width 0.05))
    (fp_line (start 5.21 -3.14) (end 3.85 -3.14) (layer Eco1.User) (width 0.05))
    (fp_line (start 5.21 3.14) (end 5.21 -3.14) (layer Eco1.User) (width 0.05))
    (fp_line (start 3.85 3.14) (end 5.21 3.14) (layer Eco1.User) (width 0.05))
    (fp_line (start 3.85 3.85) (end 3.85 3.14) (layer Eco1.User) (width 0.05))
    (fp_line (start 3.14 3.85) (end 3.85 3.85) (layer Eco1.User) (width 0.05))
    (fp_line (start 3.14 5.21) (end 3.14 3.85) (layer Eco1.User) (width 0.05))
    (fp_line (start -3.14 5.21) (end 3.14 5.21) (layer Eco1.User) (width 0.05))
    (fp_line (start -3.14 3.85) (end -3.14 5.21) (layer Eco1.User) (width 0.05))
    (fp_line (start -3.85 3.85) (end -3.14 3.85) (layer Eco1.User) (width 0.05))
    (fp_line (start -3.85 3.14) (end -3.85 3.85) (layer Eco1.User) (width 0.05))
    (fp_line (start -5.21 3.14) (end -3.85 3.14) (layer Eco1.User) (width 0.05))
    (fp_line (start -5.21 -3.14) (end -5.21 3.14) (layer Eco1.User) (width 0.05))
    (fp_line (start -3.85 -3.14) (end -5.21 -3.14) (layer Eco1.User) (width 0.05))
    (fp_line (start -3.85 -3.85) (end -3.85 -3.14) (layer Eco1.User) (width 0.05))
    (fp_line (start -3.14 -3.85) (end -3.85 -3.85) (layer Eco1.User) (width 0.05))
    (fp_line (start -3.6 -3.6) (end -3.6 3.6) (layer Eco2.User) (width 0.127))
    (fp_line (start 3.6 -3.6) (end -3.6 -3.6) (layer Eco2.User) (width 0.127))
    (fp_line (start 3.6 3.6) (end 3.6 -3.6) (layer Eco2.User) (width 0.127))
    (fp_line (start -3.6 3.6) (end 3.6 3.6) (layer Eco2.User) (width 0.127))
    (fp_line (start -3.5052 -0.635) (end -3.5052 -0.8636) (layer Eco2.User) (width 0.1))
    (fp_line (start -3.6 3.07) (end -3.6 3.6) (layer F.SilkS) (width 0.127))
    (fp_line (start -3.6 -3.6) (end -3.6 -3.07) (layer F.SilkS) (width 0.127))
    (fp_line (start 3.6 -3.6) (end 3.07 -3.6) (layer F.SilkS) (width 0.127))
    (fp_line (start 3.6 3.6) (end 3.6 3.07) (layer F.SilkS) (width 0.127))
    (fp_line (start -3.6 3.6) (end -3.07 3.6) (layer F.SilkS) (width 0.127))
    (fp_line (start 3.07 3.6) (end 3.6 3.6) (layer F.SilkS) (width 0.127))
    (fp_line (start 3.6 -3.07) (end 3.6 -3.6) (layer F.SilkS) (width 0.127))
    (fp_line (start -3.07 -3.6) (end -3.6 -3.6) (layer F.SilkS) (width 0.127))
    (pad 48 smd rect (at -2.75 -4.18 270) (size 0.28 1.56) (layers F.Cu F.Paste F.Mask)
      (net 7 +3V3))
    (pad 47 smd rect (at -2.25 -4.18 270) (size 0.28 1.56) (layers F.Cu F.Paste F.Mask)
      (net 1 GND))
    (pad 46 smd rect (at -1.75 -4.18 270) (size 0.28 1.56) (layers F.Cu F.Paste F.Mask)
      (net 34 D7))
    (pad 45 smd rect (at -1.25 -4.18 270) (size 0.28 1.56) (layers F.Cu F.Paste F.Mask)
      (net 33 D6))
    (pad 44 smd rect (at -0.75 -4.18 270) (size 0.28 1.56) (layers F.Cu F.Paste F.Mask)
      (net 43 BOOT0))
    (pad 43 smd rect (at -0.25 -4.18 270) (size 0.28 1.56) (layers F.Cu F.Paste F.Mask)
      (net 32 D5))
    (pad 42 smd rect (at 0.25 -4.18 270) (size 0.28 1.56) (layers F.Cu F.Paste F.Mask)
      (net 31 D4))
    (pad 41 smd rect (at 0.75 -4.18 270) (size 0.28 1.56) (layers F.Cu F.Paste F.Mask)
      (net 30 D3))
    (pad 40 smd rect (at 1.25 -4.18 270) (size 0.28 1.56) (layers F.Cu F.Paste F.Mask)
      (net 29 D2))
    (pad 39 smd rect (at 1.75 -4.18 270) (size 0.28 1.56) (layers F.Cu F.Paste F.Mask)
      (net 28 D1))
    (pad 38 smd rect (at 2.25 -4.18 270) (size 0.28 1.56) (layers F.Cu F.Paste F.Mask)
      (net 27 D0))
    (pad 37 smd rect (at 2.75 -4.18 270) (size 0.28 1.56) (layers F.Cu F.Paste F.Mask)
      (net 41 SWCLK))
    (pad 36 smd rect (at 4.18 -2.75) (size 0.28 1.56) (layers F.Cu F.Paste F.Mask)
      (net 7 +3V3))
    (pad 35 smd rect (at 4.18 -2.25) (size 0.28 1.56) (layers F.Cu F.Paste F.Mask)
      (net 1 GND))
    (pad 34 smd rect (at 4.18 -1.75) (size 0.28 1.56) (layers F.Cu F.Paste F.Mask)
      (net 42 SWDIO))
    (pad 33 smd rect (at 4.18 -1.25) (size 0.28 1.56) (layers F.Cu F.Paste F.Mask)
      (net 50 USB_D+))
    (pad 32 smd rect (at 4.18 -0.75) (size 0.28 1.56) (layers F.Cu F.Paste F.Mask)
      (net 51 USB_D-))
    (pad 31 smd rect (at 4.18 -0.25) (size 0.28 1.56) (layers F.Cu F.Paste F.Mask)
      (net 35 D10))
    (pad 30 smd rect (at 4.18 0.25) (size 0.28 1.56) (layers F.Cu F.Paste F.Mask)
      (net 36 D11))
    (pad 29 smd rect (at 4.18 0.75) (size 0.28 1.56) (layers F.Cu F.Paste F.Mask)
      (net 49 "Net-(U2-Pad29)"))
    (pad 28 smd rect (at 4.18 1.25) (size 0.28 1.56) (layers F.Cu F.Paste F.Mask)
      (net 37 D13))
    (pad 27 smd rect (at 4.18 1.75) (size 0.28 1.56) (layers F.Cu F.Paste F.Mask)
      (net 38 D14))
    (pad 26 smd rect (at 4.18 2.25) (size 0.28 1.56) (layers F.Cu F.Paste F.Mask)
      (net 39 D15))
    (pad 25 smd rect (at 4.18 2.75) (size 0.28 1.56) (layers F.Cu F.Paste F.Mask)
      (net 40 D16))
    (pad 24 smd rect (at 2.75 4.18 270) (size 0.28 1.56) (layers F.Cu F.Paste F.Mask)
      (net 7 +3V3))
    (pad 23 smd rect (at 2.25 4.18 270) (size 0.28 1.56) (layers F.Cu F.Paste F.Mask)
      (net 1 GND))
    (pad 22 smd rect (at 1.75 4.18 270) (size 0.28 1.56) (layers F.Cu F.Paste F.Mask)
      (net 48 "Net-(U2-Pad22)"))
    (pad 21 smd rect (at 1.25 4.18 270) (size 0.28 1.56) (layers F.Cu F.Paste F.Mask)
      (net 47 "Net-(U2-Pad21)"))
    (pad 20 smd rect (at 0.75 4.18 270) (size 0.28 1.56) (layers F.Cu F.Paste F.Mask)
      (net 46 "Net-(U2-Pad20)"))
    (pad 19 smd rect (at 0.25 4.18 270) (size 0.28 1.56) (layers F.Cu F.Paste F.Mask)
      (net 26 A9))
    (pad 18 smd rect (at -0.25 4.18 270) (size 0.28 1.56) (layers F.Cu F.Paste F.Mask)
      (net 25 A8))
    (pad 17 smd rect (at -0.75 4.18 270) (size 0.28 1.56) (layers F.Cu F.Paste F.Mask)
      (net 24 A7))
    (pad 16 smd rect (at -1.25 4.18 270) (size 0.28 1.56) (layers F.Cu F.Paste F.Mask)
      (net 23 A6))
    (pad 15 smd rect (at -1.75 4.18 270) (size 0.28 1.56) (layers F.Cu F.Paste F.Mask)
      (net 22 A5))
    (pad 14 smd rect (at -2.25 4.18 270) (size 0.28 1.56) (layers F.Cu F.Paste F.Mask)
      (net 21 A4))
    (pad 13 smd rect (at -2.75 4.18 270) (size 0.28 1.56) (layers F.Cu F.Paste F.Mask)
      (net 20 A3))
    (pad 12 smd rect (at -4.18 2.75) (size 0.28 1.56) (layers F.Cu F.Paste F.Mask)
      (net 19 A2))
    (pad 11 smd rect (at -4.18 2.25) (size 0.28 1.56) (layers F.Cu F.Paste F.Mask)
      (net 18 A1))
    (pad 10 smd rect (at -4.18 1.75) (size 0.28 1.56) (layers F.Cu F.Paste F.Mask)
      (net 17 A0))
    (pad 9 smd rect (at -4.18 1.25) (size 0.28 1.56) (layers F.Cu F.Paste F.Mask)
      (net 4 AREF))
    (pad 8 smd rect (at -4.18 0.75) (size 0.28 1.56) (layers F.Cu F.Paste F.Mask)
      (net 5 GNDA))
    (pad 7 smd rect (at -4.18 0.25) (size 0.28 1.56) (layers F.Cu F.Paste F.Mask)
      (net 8 RESET))
    (pad 6 smd rect (at -4.18 -0.25) (size 0.28 1.56) (layers F.Cu F.Paste F.Mask)
      (net 10 "Net-(C12-Pad2)"))
    (pad 5 smd rect (at -4.18 -0.75) (size 0.28 1.56) (layers F.Cu F.Paste F.Mask)
      (net 9 "Net-(C11-Pad2)"))
    (pad 4 smd rect (at -4.18 -1.25) (size 0.28 1.56) (layers F.Cu F.Paste F.Mask)
      (net 3 "Net-(C2-Pad1)"))
    (pad 3 smd rect (at -4.18 -1.75) (size 0.28 1.56) (layers F.Cu F.Paste F.Mask)
      (net 2 "Net-(C1-Pad1)"))
    (pad 2 smd rect (at -4.18 -2.25) (size 0.28 1.56) (layers F.Cu F.Paste F.Mask)
      (net 44 D17))
    (pad 1 smd rect (at -4.18 -2.75) (size 0.28 1.56) (layers F.Cu F.Paste F.Mask)
      (net 7 +3V3))
  )

  (module Resistor_SMD:R_0603_1608Metric (layer F.Cu) (tedit 5B301BBD) (tstamp 5CFA3063)
    (at 135.89 109.728)
    (descr "Resistor SMD 0603 (1608 Metric), square (rectangular) end terminal, IPC_7351 nominal, (Body size source: http://www.tortai-tech.com/upload/download/2011102023233369053.pdf), generated with kicad-footprint-generator")
    (tags resistor)
    (path /5CF05ACA)
    (attr smd)
    (fp_text reference R2 (at 0 2.5908) (layer F.SilkS)
      (effects (font (size 0.7112 0.7112) (thickness 0.127)))
    )
    (fp_text value 330 (at 0 1.43) (layer F.Fab)
      (effects (font (size 1 1) (thickness 0.15)))
    )
    (fp_text user %R (at 0 0) (layer F.Fab)
      (effects (font (size 0.4 0.4) (thickness 0.06)))
    )
    (fp_line (start 1.48 0.73) (end -1.48 0.73) (layer F.CrtYd) (width 0.05))
    (fp_line (start 1.48 -0.73) (end 1.48 0.73) (layer F.CrtYd) (width 0.05))
    (fp_line (start -1.48 -0.73) (end 1.48 -0.73) (layer F.CrtYd) (width 0.05))
    (fp_line (start -1.48 0.73) (end -1.48 -0.73) (layer F.CrtYd) (width 0.05))
    (fp_line (start -0.162779 0.51) (end 0.162779 0.51) (layer F.SilkS) (width 0.12))
    (fp_line (start -0.162779 -0.51) (end 0.162779 -0.51) (layer F.SilkS) (width 0.12))
    (fp_line (start 0.8 0.4) (end -0.8 0.4) (layer F.Fab) (width 0.1))
    (fp_line (start 0.8 -0.4) (end 0.8 0.4) (layer F.Fab) (width 0.1))
    (fp_line (start -0.8 -0.4) (end 0.8 -0.4) (layer F.Fab) (width 0.1))
    (fp_line (start -0.8 0.4) (end -0.8 -0.4) (layer F.Fab) (width 0.1))
    (pad 2 smd roundrect (at 0.7875 0) (size 0.875 0.95) (layers F.Cu F.Paste F.Mask) (roundrect_rratio 0.25)
      (net 11 "Net-(D1-Pad2)"))
    (pad 1 smd roundrect (at -0.7875 0) (size 0.875 0.95) (layers F.Cu F.Paste F.Mask) (roundrect_rratio 0.25)
      (net 44 D17))
    (model ${KISYS3DMOD}/Resistor_SMD.3dshapes/R_0603_1608Metric.wrl
      (at (xyz 0 0 0))
      (scale (xyz 1 1 1))
      (rotate (xyz 0 0 0))
    )
  )

  (module Capacitor_SMD:C_0603_1608Metric (layer F.Cu) (tedit 5B301BBE) (tstamp 5CFA0BCC)
    (at 132.334 105.918 270)
    (descr "Capacitor SMD 0603 (1608 Metric), square (rectangular) end terminal, IPC_7351 nominal, (Body size source: http://www.tortai-tech.com/upload/download/2011102023233369053.pdf), generated with kicad-footprint-generator")
    (tags capacitor)
    (path /5D189937)
    (attr smd)
    (fp_text reference C1 (at 1.7526 0.2032 180) (layer F.SilkS)
      (effects (font (size 0.7112 0.7112) (thickness 0.127)))
    )
    (fp_text value 15pF (at 0 1.43 270) (layer F.Fab)
      (effects (font (size 1 1) (thickness 0.15)))
    )
    (fp_line (start -0.8 0.4) (end -0.8 -0.4) (layer F.Fab) (width 0.1))
    (fp_line (start -0.8 -0.4) (end 0.8 -0.4) (layer F.Fab) (width 0.1))
    (fp_line (start 0.8 -0.4) (end 0.8 0.4) (layer F.Fab) (width 0.1))
    (fp_line (start 0.8 0.4) (end -0.8 0.4) (layer F.Fab) (width 0.1))
    (fp_line (start -0.162779 -0.51) (end 0.162779 -0.51) (layer F.SilkS) (width 0.12))
    (fp_line (start -0.162779 0.51) (end 0.162779 0.51) (layer F.SilkS) (width 0.12))
    (fp_line (start -1.48 0.73) (end -1.48 -0.73) (layer F.CrtYd) (width 0.05))
    (fp_line (start -1.48 -0.73) (end 1.48 -0.73) (layer F.CrtYd) (width 0.05))
    (fp_line (start 1.48 -0.73) (end 1.48 0.73) (layer F.CrtYd) (width 0.05))
    (fp_line (start 1.48 0.73) (end -1.48 0.73) (layer F.CrtYd) (width 0.05))
    (fp_text user %R (at 0 0 270) (layer F.Fab)
      (effects (font (size 0.4 0.4) (thickness 0.06)))
    )
    (pad 1 smd roundrect (at -0.7875 0 270) (size 0.875 0.95) (layers F.Cu F.Paste F.Mask) (roundrect_rratio 0.25)
      (net 2 "Net-(C1-Pad1)"))
    (pad 2 smd roundrect (at 0.7875 0 270) (size 0.875 0.95) (layers F.Cu F.Paste F.Mask) (roundrect_rratio 0.25)
      (net 1 GND))
    (model ${KISYS3DMOD}/Capacitor_SMD.3dshapes/C_0603_1608Metric.wrl
      (at (xyz 0 0 0))
      (scale (xyz 1 1 1))
      (rotate (xyz 0 0 0))
    )
  )

  (module Capacitor_SMD:C_0603_1608Metric (layer F.Cu) (tedit 5B301BBE) (tstamp 5CFA1177)
    (at 133.858 105.918 270)
    (descr "Capacitor SMD 0603 (1608 Metric), square (rectangular) end terminal, IPC_7351 nominal, (Body size source: http://www.tortai-tech.com/upload/download/2011102023233369053.pdf), generated with kicad-footprint-generator")
    (tags capacitor)
    (path /5D187B26)
    (attr smd)
    (fp_text reference C2 (at 1.7526 -0.254) (layer F.SilkS)
      (effects (font (size 0.7112 0.7112) (thickness 0.127)))
    )
    (fp_text value 15pF (at 0 1.43 270) (layer F.Fab)
      (effects (font (size 1 1) (thickness 0.15)))
    )
    (fp_text user %R (at 0 0 270) (layer F.Fab)
      (effects (font (size 0.4 0.4) (thickness 0.06)))
    )
    (fp_line (start 1.48 0.73) (end -1.48 0.73) (layer F.CrtYd) (width 0.05))
    (fp_line (start 1.48 -0.73) (end 1.48 0.73) (layer F.CrtYd) (width 0.05))
    (fp_line (start -1.48 -0.73) (end 1.48 -0.73) (layer F.CrtYd) (width 0.05))
    (fp_line (start -1.48 0.73) (end -1.48 -0.73) (layer F.CrtYd) (width 0.05))
    (fp_line (start -0.162779 0.51) (end 0.162779 0.51) (layer F.SilkS) (width 0.12))
    (fp_line (start -0.162779 -0.51) (end 0.162779 -0.51) (layer F.SilkS) (width 0.12))
    (fp_line (start 0.8 0.4) (end -0.8 0.4) (layer F.Fab) (width 0.1))
    (fp_line (start 0.8 -0.4) (end 0.8 0.4) (layer F.Fab) (width 0.1))
    (fp_line (start -0.8 -0.4) (end 0.8 -0.4) (layer F.Fab) (width 0.1))
    (fp_line (start -0.8 0.4) (end -0.8 -0.4) (layer F.Fab) (width 0.1))
    (pad 2 smd roundrect (at 0.7875 0 270) (size 0.875 0.95) (layers F.Cu F.Paste F.Mask) (roundrect_rratio 0.25)
      (net 1 GND))
    (pad 1 smd roundrect (at -0.7875 0 270) (size 0.875 0.95) (layers F.Cu F.Paste F.Mask) (roundrect_rratio 0.25)
      (net 3 "Net-(C2-Pad1)"))
    (model ${KISYS3DMOD}/Capacitor_SMD.3dshapes/C_0603_1608Metric.wrl
      (at (xyz 0 0 0))
      (scale (xyz 1 1 1))
      (rotate (xyz 0 0 0))
    )
  )

  (module Capacitor_SMD:C_0603_1608Metric (layer F.Cu) (tedit 5B301BBE) (tstamp 5CF8A9C4)
    (at 140.716 98.552 90)
    (descr "Capacitor SMD 0603 (1608 Metric), square (rectangular) end terminal, IPC_7351 nominal, (Body size source: http://www.tortai-tech.com/upload/download/2011102023233369053.pdf), generated with kicad-footprint-generator")
    (tags capacitor)
    (path /5D063956)
    (attr smd)
    (fp_text reference C3 (at 0 -0.9906 90) (layer F.SilkS)
      (effects (font (size 0.7112 0.7112) (thickness 0.127)))
    )
    (fp_text value 100nF (at 0 1.43 90) (layer F.Fab)
      (effects (font (size 1 1) (thickness 0.15)))
    )
    (fp_text user %R (at 0 0 90) (layer F.Fab)
      (effects (font (size 0.4 0.4) (thickness 0.06)))
    )
    (fp_line (start 1.48 0.73) (end -1.48 0.73) (layer F.CrtYd) (width 0.05))
    (fp_line (start 1.48 -0.73) (end 1.48 0.73) (layer F.CrtYd) (width 0.05))
    (fp_line (start -1.48 -0.73) (end 1.48 -0.73) (layer F.CrtYd) (width 0.05))
    (fp_line (start -1.48 0.73) (end -1.48 -0.73) (layer F.CrtYd) (width 0.05))
    (fp_line (start -0.162779 0.51) (end 0.162779 0.51) (layer F.SilkS) (width 0.12))
    (fp_line (start -0.162779 -0.51) (end 0.162779 -0.51) (layer F.SilkS) (width 0.12))
    (fp_line (start 0.8 0.4) (end -0.8 0.4) (layer F.Fab) (width 0.1))
    (fp_line (start 0.8 -0.4) (end 0.8 0.4) (layer F.Fab) (width 0.1))
    (fp_line (start -0.8 -0.4) (end 0.8 -0.4) (layer F.Fab) (width 0.1))
    (fp_line (start -0.8 0.4) (end -0.8 -0.4) (layer F.Fab) (width 0.1))
    (pad 2 smd roundrect (at 0.7875 0 90) (size 0.875 0.95) (layers F.Cu F.Paste F.Mask) (roundrect_rratio 0.25)
      (net 5 GNDA))
    (pad 1 smd roundrect (at -0.7875 0 90) (size 0.875 0.95) (layers F.Cu F.Paste F.Mask) (roundrect_rratio 0.25)
      (net 4 AREF))
    (model ${KISYS3DMOD}/Capacitor_SMD.3dshapes/C_0603_1608Metric.wrl
      (at (xyz 0 0 0))
      (scale (xyz 1 1 1))
      (rotate (xyz 0 0 0))
    )
  )

  (module Capacitor_SMD:C_0603_1608Metric (layer F.Cu) (tedit 5B301BBE) (tstamp 5CF8B587)
    (at 134.747 83.312 90)
    (descr "Capacitor SMD 0603 (1608 Metric), square (rectangular) end terminal, IPC_7351 nominal, (Body size source: http://www.tortai-tech.com/upload/download/2011102023233369053.pdf), generated with kicad-footprint-generator")
    (tags capacitor)
    (path /5CF04C4A)
    (attr smd)
    (fp_text reference C4 (at 0 1.0922 90) (layer F.SilkS)
      (effects (font (size 0.7112 0.7112) (thickness 0.127)))
    )
    (fp_text value 1uF (at 0 1.43 90) (layer F.Fab)
      (effects (font (size 1 1) (thickness 0.15)))
    )
    (fp_text user %R (at 0 0 90) (layer F.Fab)
      (effects (font (size 0.4 0.4) (thickness 0.06)))
    )
    (fp_line (start 1.48 0.73) (end -1.48 0.73) (layer F.CrtYd) (width 0.05))
    (fp_line (start 1.48 -0.73) (end 1.48 0.73) (layer F.CrtYd) (width 0.05))
    (fp_line (start -1.48 -0.73) (end 1.48 -0.73) (layer F.CrtYd) (width 0.05))
    (fp_line (start -1.48 0.73) (end -1.48 -0.73) (layer F.CrtYd) (width 0.05))
    (fp_line (start -0.162779 0.51) (end 0.162779 0.51) (layer F.SilkS) (width 0.12))
    (fp_line (start -0.162779 -0.51) (end 0.162779 -0.51) (layer F.SilkS) (width 0.12))
    (fp_line (start 0.8 0.4) (end -0.8 0.4) (layer F.Fab) (width 0.1))
    (fp_line (start 0.8 -0.4) (end 0.8 0.4) (layer F.Fab) (width 0.1))
    (fp_line (start -0.8 -0.4) (end 0.8 -0.4) (layer F.Fab) (width 0.1))
    (fp_line (start -0.8 0.4) (end -0.8 -0.4) (layer F.Fab) (width 0.1))
    (pad 2 smd roundrect (at 0.7875 0 90) (size 0.875 0.95) (layers F.Cu F.Paste F.Mask) (roundrect_rratio 0.25)
      (net 1 GND))
    (pad 1 smd roundrect (at -0.7875 0 90) (size 0.875 0.95) (layers F.Cu F.Paste F.Mask) (roundrect_rratio 0.25)
      (net 6 VIN))
    (model ${KISYS3DMOD}/Capacitor_SMD.3dshapes/C_0603_1608Metric.wrl
      (at (xyz 0 0 0))
      (scale (xyz 1 1 1))
      (rotate (xyz 0 0 0))
    )
  )

  (module Capacitor_SMD:C_0603_1608Metric (layer F.Cu) (tedit 5B301BBE) (tstamp 5CF906B1)
    (at 131.699 86.233)
    (descr "Capacitor SMD 0603 (1608 Metric), square (rectangular) end terminal, IPC_7351 nominal, (Body size source: http://www.tortai-tech.com/upload/download/2011102023233369053.pdf), generated with kicad-footprint-generator")
    (tags capacitor)
    (path /5CF05356)
    (attr smd)
    (fp_text reference C5 (at 0.381 1.0668 180) (layer F.SilkS)
      (effects (font (size 0.7112 0.7112) (thickness 0.127)))
    )
    (fp_text value 1uF (at 0 1.43) (layer F.Fab)
      (effects (font (size 1 1) (thickness 0.15)))
    )
    (fp_text user %R (at 0 0) (layer F.Fab)
      (effects (font (size 0.4 0.4) (thickness 0.06)))
    )
    (fp_line (start 1.48 0.73) (end -1.48 0.73) (layer F.CrtYd) (width 0.05))
    (fp_line (start 1.48 -0.73) (end 1.48 0.73) (layer F.CrtYd) (width 0.05))
    (fp_line (start -1.48 -0.73) (end 1.48 -0.73) (layer F.CrtYd) (width 0.05))
    (fp_line (start -1.48 0.73) (end -1.48 -0.73) (layer F.CrtYd) (width 0.05))
    (fp_line (start -0.162779 0.51) (end 0.162779 0.51) (layer F.SilkS) (width 0.12))
    (fp_line (start -0.162779 -0.51) (end 0.162779 -0.51) (layer F.SilkS) (width 0.12))
    (fp_line (start 0.8 0.4) (end -0.8 0.4) (layer F.Fab) (width 0.1))
    (fp_line (start 0.8 -0.4) (end 0.8 0.4) (layer F.Fab) (width 0.1))
    (fp_line (start -0.8 -0.4) (end 0.8 -0.4) (layer F.Fab) (width 0.1))
    (fp_line (start -0.8 0.4) (end -0.8 -0.4) (layer F.Fab) (width 0.1))
    (pad 2 smd roundrect (at 0.7875 0) (size 0.875 0.95) (layers F.Cu F.Paste F.Mask) (roundrect_rratio 0.25)
      (net 1 GND))
    (pad 1 smd roundrect (at -0.7875 0) (size 0.875 0.95) (layers F.Cu F.Paste F.Mask) (roundrect_rratio 0.25)
      (net 7 +3V3))
    (model ${KISYS3DMOD}/Capacitor_SMD.3dshapes/C_0603_1608Metric.wrl
      (at (xyz 0 0 0))
      (scale (xyz 1 1 1))
      (rotate (xyz 0 0 0))
    )
  )

  (module Capacitor_SMD:C_0603_1608Metric (layer F.Cu) (tedit 5B301BBE) (tstamp 5CF8AAE4)
    (at 138.43 105.8925 90)
    (descr "Capacitor SMD 0603 (1608 Metric), square (rectangular) end terminal, IPC_7351 nominal, (Body size source: http://www.tortai-tech.com/upload/download/2011102023233369053.pdf), generated with kicad-footprint-generator")
    (tags capacitor)
    (path /5CF6DF1F)
    (attr smd)
    (fp_text reference C6 (at 0.8635 1.016 90) (layer F.SilkS)
      (effects (font (size 0.7112 0.7112) (thickness 0.127)))
    )
    (fp_text value 100nF (at 0 1.43 90) (layer F.Fab)
      (effects (font (size 1 1) (thickness 0.15)))
    )
    (fp_text user %R (at 0 0 90) (layer F.Fab)
      (effects (font (size 0.4 0.4) (thickness 0.06)))
    )
    (fp_line (start 1.48 0.73) (end -1.48 0.73) (layer F.CrtYd) (width 0.05))
    (fp_line (start 1.48 -0.73) (end 1.48 0.73) (layer F.CrtYd) (width 0.05))
    (fp_line (start -1.48 -0.73) (end 1.48 -0.73) (layer F.CrtYd) (width 0.05))
    (fp_line (start -1.48 0.73) (end -1.48 -0.73) (layer F.CrtYd) (width 0.05))
    (fp_line (start -0.162779 0.51) (end 0.162779 0.51) (layer F.SilkS) (width 0.12))
    (fp_line (start -0.162779 -0.51) (end 0.162779 -0.51) (layer F.SilkS) (width 0.12))
    (fp_line (start 0.8 0.4) (end -0.8 0.4) (layer F.Fab) (width 0.1))
    (fp_line (start 0.8 -0.4) (end 0.8 0.4) (layer F.Fab) (width 0.1))
    (fp_line (start -0.8 -0.4) (end 0.8 -0.4) (layer F.Fab) (width 0.1))
    (fp_line (start -0.8 0.4) (end -0.8 -0.4) (layer F.Fab) (width 0.1))
    (pad 2 smd roundrect (at 0.7875 0 90) (size 0.875 0.95) (layers F.Cu F.Paste F.Mask) (roundrect_rratio 0.25)
      (net 1 GND))
    (pad 1 smd roundrect (at -0.7875 0 90) (size 0.875 0.95) (layers F.Cu F.Paste F.Mask) (roundrect_rratio 0.25)
      (net 8 RESET))
    (model ${KISYS3DMOD}/Capacitor_SMD.3dshapes/C_0603_1608Metric.wrl
      (at (xyz 0 0 0))
      (scale (xyz 1 1 1))
      (rotate (xyz 0 0 0))
    )
  )

  (module Capacitor_SMD:C_0603_1608Metric (layer F.Cu) (tedit 5B301BBE) (tstamp 5CFA0606)
    (at 133.096 100.838)
    (descr "Capacitor SMD 0603 (1608 Metric), square (rectangular) end terminal, IPC_7351 nominal, (Body size source: http://www.tortai-tech.com/upload/download/2011102023233369053.pdf), generated with kicad-footprint-generator")
    (tags capacitor)
    (path /5D0B93B9)
    (attr smd)
    (fp_text reference C7 (at 1.778 0 270) (layer F.SilkS)
      (effects (font (size 0.7112 0.7112) (thickness 0.127)))
    )
    (fp_text value 100nF (at 0 1.43) (layer F.Fab)
      (effects (font (size 1 1) (thickness 0.15)))
    )
    (fp_line (start -0.8 0.4) (end -0.8 -0.4) (layer F.Fab) (width 0.1))
    (fp_line (start -0.8 -0.4) (end 0.8 -0.4) (layer F.Fab) (width 0.1))
    (fp_line (start 0.8 -0.4) (end 0.8 0.4) (layer F.Fab) (width 0.1))
    (fp_line (start 0.8 0.4) (end -0.8 0.4) (layer F.Fab) (width 0.1))
    (fp_line (start -0.162779 -0.51) (end 0.162779 -0.51) (layer F.SilkS) (width 0.12))
    (fp_line (start -0.162779 0.51) (end 0.162779 0.51) (layer F.SilkS) (width 0.12))
    (fp_line (start -1.48 0.73) (end -1.48 -0.73) (layer F.CrtYd) (width 0.05))
    (fp_line (start -1.48 -0.73) (end 1.48 -0.73) (layer F.CrtYd) (width 0.05))
    (fp_line (start 1.48 -0.73) (end 1.48 0.73) (layer F.CrtYd) (width 0.05))
    (fp_line (start 1.48 0.73) (end -1.48 0.73) (layer F.CrtYd) (width 0.05))
    (fp_text user %R (at 0 0) (layer F.Fab)
      (effects (font (size 0.4 0.4) (thickness 0.06)))
    )
    (pad 1 smd roundrect (at -0.7875 0) (size 0.875 0.95) (layers F.Cu F.Paste F.Mask) (roundrect_rratio 0.25)
      (net 7 +3V3))
    (pad 2 smd roundrect (at 0.7875 0) (size 0.875 0.95) (layers F.Cu F.Paste F.Mask) (roundrect_rratio 0.25)
      (net 1 GND))
    (model ${KISYS3DMOD}/Capacitor_SMD.3dshapes/C_0603_1608Metric.wrl
      (at (xyz 0 0 0))
      (scale (xyz 1 1 1))
      (rotate (xyz 0 0 0))
    )
  )

  (module Capacitor_SMD:C_0603_1608Metric (layer F.Cu) (tedit 5B301BBE) (tstamp 5CF8AA54)
    (at 140.716 88.9 90)
    (descr "Capacitor SMD 0603 (1608 Metric), square (rectangular) end terminal, IPC_7351 nominal, (Body size source: http://www.tortai-tech.com/upload/download/2011102023233369053.pdf), generated with kicad-footprint-generator")
    (tags capacitor)
    (path /5D0B9B61)
    (attr smd)
    (fp_text reference C8 (at 0 -0.9652 270) (layer F.SilkS)
      (effects (font (size 0.7112 0.7112) (thickness 0.127)))
    )
    (fp_text value 100nF (at 0 1.43 90) (layer F.Fab)
      (effects (font (size 1 1) (thickness 0.15)))
    )
    (fp_text user %R (at 0 0 90) (layer F.Fab)
      (effects (font (size 0.4 0.4) (thickness 0.06)))
    )
    (fp_line (start 1.48 0.73) (end -1.48 0.73) (layer F.CrtYd) (width 0.05))
    (fp_line (start 1.48 -0.73) (end 1.48 0.73) (layer F.CrtYd) (width 0.05))
    (fp_line (start -1.48 -0.73) (end 1.48 -0.73) (layer F.CrtYd) (width 0.05))
    (fp_line (start -1.48 0.73) (end -1.48 -0.73) (layer F.CrtYd) (width 0.05))
    (fp_line (start -0.162779 0.51) (end 0.162779 0.51) (layer F.SilkS) (width 0.12))
    (fp_line (start -0.162779 -0.51) (end 0.162779 -0.51) (layer F.SilkS) (width 0.12))
    (fp_line (start 0.8 0.4) (end -0.8 0.4) (layer F.Fab) (width 0.1))
    (fp_line (start 0.8 -0.4) (end 0.8 0.4) (layer F.Fab) (width 0.1))
    (fp_line (start -0.8 -0.4) (end 0.8 -0.4) (layer F.Fab) (width 0.1))
    (fp_line (start -0.8 0.4) (end -0.8 -0.4) (layer F.Fab) (width 0.1))
    (pad 2 smd roundrect (at 0.7875 0 90) (size 0.875 0.95) (layers F.Cu F.Paste F.Mask) (roundrect_rratio 0.25)
      (net 1 GND))
    (pad 1 smd roundrect (at -0.7875 0 90) (size 0.875 0.95) (layers F.Cu F.Paste F.Mask) (roundrect_rratio 0.25)
      (net 7 +3V3))
    (model ${KISYS3DMOD}/Capacitor_SMD.3dshapes/C_0603_1608Metric.wrl
      (at (xyz 0 0 0))
      (scale (xyz 1 1 1))
      (rotate (xyz 0 0 0))
    )
  )

  (module Capacitor_SMD:C_0603_1608Metric (layer F.Cu) (tedit 5B301BBE) (tstamp 5CF8BD1A)
    (at 131.064 88.9 90)
    (descr "Capacitor SMD 0603 (1608 Metric), square (rectangular) end terminal, IPC_7351 nominal, (Body size source: http://www.tortai-tech.com/upload/download/2011102023233369053.pdf), generated with kicad-footprint-generator")
    (tags capacitor)
    (path /5D0B9E44)
    (attr smd)
    (fp_text reference C9 (at 0 1.0414 90) (layer F.SilkS)
      (effects (font (size 0.7112 0.7112) (thickness 0.127)))
    )
